      1000   0.001 -0.862E+11 -0.857E+11
      2000   0.001 -0.810E+11 -0.817E+11
      3000   0.002 -0.111E+12 -0.119E+12
      4000   0.003 -0.128E+12 -0.142E+12
      5000   0.003 -0.143E+12 -0.157E+12
      6000   0.004 -0.156E+12 -0.168E+12
      7000   0.005 -0.170E+12 -0.178E+12
      8000   0.005 -0.181E+12 -0.189E+12
      9000   0.006 -0.194E+12 -0.196E+12
     10000   0.007 -0.202E+12 -0.200E+12
     11000   0.007 -0.204E+12 -0.209E+12
     12000   0.008 -0.211E+12 -0.208E+12
     13000   0.009 -0.210E+12 -0.215E+12
     14000   0.010 -0.217E+12 -0.217E+12
     15000   0.010 -0.220E+12 -0.220E+12
     16000   0.011 -0.220E+12 -0.221E+12
     17000   0.012 -0.218E+12 -0.219E+12
     18000   0.012 -0.215E+12 -0.219E+12
     19000   0.013 -0.215E+12 -0.220E+12
     20000   0.014 -0.238E+12 -0.239E+12
     21000   0.014 -0.189E+12 -0.198E+12
     22000   0.015 -0.172E+12 -0.172E+12
     23000   0.016 -0.166E+12 -0.166E+12
     24000   0.016 -0.161E+12 -0.161E+12
     25000   0.017 -0.159E+12 -0.158E+12
     26000   0.018 -0.156E+12 -0.156E+12
     27000   0.018 -0.154E+12 -0.153E+12
     28000   0.019 -0.152E+12 -0.150E+12
     29000   0.020 -0.151E+12 -0.148E+12
     30000   0.020 -0.148E+12 -0.148E+12
     31000   0.021 -0.144E+12 -0.144E+12
     32000   0.022 -0.141E+12 -0.143E+12
     33000   0.022 -0.139E+12 -0.141E+12
